10
4
0 20 42 35
20 0 30 34
42 30 0 12
35 34 12 0
5
0 10 15 20 25
10 0 35 25 12
15 35 0 30 8
20 25 30 0 18
25 12 8 18 0
3
0 8 15
8 0 10
15 10 0
6
0 5 10 15 20 25
5 0 8 13 18 23
10 8 0 6 11 16
15 13 6 0 7 12
20 18 11 7 0 9
25 23 16 12 9 0
4
0 10 12 20
10 0 14 8
12 14 0 25
20 8 25 0
7
0 20 15 25 30 18 12
20 0 25 10 12 28 22
15 25 0 16 20 36 30
25 10 16 0 9 24 18
30 12 20 9 0 15 10
18 28 36 24 15 0 8
12 22 30 18 10 8 0
5
0 20 25 18 30
20 0 12 15 10
25 12 0 28 14
18 15 28 0 22
30 10 14 22 0
6
0 8 15 20 25 30
8 0 6 10 14 18
15 6 0 12 16 20
20 10 12 0 24 28
25 14 16 24 0 22
30 18 20 28 22 0
3
0 15 10
15 0 8
10 8 0
4
0 15 12 10
15 0 5 8
12 5 0 6
10 8 6 0
